0.31830988618379075
0.09915244544965261
0.00041299839666524214
0.11323770850194294
0.04677034131409937
0.05410759277320768
0.036960760773916725
0.04988687358498971
0.02824751382515147
0.07250054980472785
0.11314671790826938
0.024740487229426858
0.04385133990895991
0.05803458567355726
0.04752429075719996
0.011072889657997567
0.07480408061159792
0.10363059491155992
0.061987057690140415
0.038179517144501816
0.05424801494656087
0.06058043291185379
0.05908174327358098
0.023346509029744646
0.01984728713987162
